 1020111513  1000124117053060123 150 100 1181022 1   0   0 1600 336 200   0 312
 11301115122 2100135113063340524 150 150 130 886 1   0   0 2700 510 200   0 236
 114013 0 0 100101551260722001 4 300 300 112 951 1   0   0 1700 330 200   0 471
 114013 0 0 10010117326032180323 300 250 1251264 1   0   0 2200 390 200   0 369
 11601330 0  1000159112053010124 300  50 1 2 205 1   0   0    0   0 200 200  46
 11601330 0  1000248212042010124 300  50 1 2 205 1   0   0    0   0 200 200  46
 11601330 0  1000125315042030525 300  50 1 8 577 0 436 436  400 252 200 150   0
 11801215 23 10002332270210301 4 300 150 1 6 439 1   0   0  400 252 200 100  70
 11901113111 1000133113053380524 100 200 1451731 1   0   0 2700 528 200   0 395
 123011 0 0  0100139125043500822  50 500 1641574 1   0   0 4200 648 200   0 631
 1290111211  1000132113063210121  50 100 110 213 1   0   0  700 270 200 100  53
 13601112101 11001541150422702 3 150  50 1241213 1   0   0 1900 402 200   0 471
 13701113 0111000154115042060524 100 150 1181022 1   0   0 1600 336 200   0 312
 1430111110  1000155114053100521  50 300 1321452 1   0   0 3500 492 200   0 312
 14601110 0  00001211170324308 3 100  50 274 876 1   0   0 1700 258 200   0 247
 15101113 11 10001371140422808 3 100  50 123 805 1   0   0 1300 378 200   0 247
 15301220 0  1000120515032010129  50 150 1 1 284 0   0   0    0   0 200 200   0
 15301220 0  1000124115032010129  50 150 1 1 284 0   0   0    0   0 200 200   0
 1590111211  2000132113053430529  50 100 1741033 1   0   0 1700 258 200   0 247
 162011 1 0  00001345260140307 3 100 150 8 6 578 0 436 436  400 252 150 100   0
 21312112 1  1000132116022180529 100 150 3261928 2   0   0 2300 330 100   0 592
 2141232110  2011223314053430529 100  50 374 678 1   0   0 2100 246 100   0 247
 2141232110  2011218326032010424 100  30 3 1 547 1   0   0  600 168 100 200 155
 22412113 11 1000135115032220524  30  50 2191051 1   0   0 1200 306 200   0 395
 231121 2 0  00001311260423908 4 5002300 3483120 2   0   0 6100 786 100   0 786
 24312220 0  1000129114042270523 100  50 3241760 2   0   0 2500 396 100   0 626
 24312220 0  1000231214042270623 100  50 3241760 2   0   0 2500 396 100   0 626
 24412223 12 3000139113053530523 100 150 3522277 2   0   0 4300 492 100   0 680
 25212223 0 12100247213053060524 200 150 2171057 1   0   0 1800 294 200   0 391
 2541222110  2000229313063550523 100 100 2681667 1 362   0 31001200 200   0 428
 2661411211  20001311140534405 4 100  50 5811289 1   0   0 3300 570   0   0 471
 2671411420112110143113053270523  30  30 5241680 1   0   0 2600 456   0   0 471
 26814110 0  00002501140420301 4 100 200 5 8 450 1   0   0  700 204   0 150 187
 2711411110  1000130114053270523  30  30 5241680 1   0   0 2600 456   0   0 471
 27814110 0  10001321130535505 6  50 100 6681128 1   0   0 29001140 100   0 428
 279141 1 0  0100252227021010128  50 100 5 1 722 1   0   0  700 186   0 200 324
 2811411110  1000260215021010624 100  20 5 1 722 1   0   0  700 186   0 200 324
 30503110 0  10002341130635505 5  10 100 2681667 1 362   0 31001224 200   0 428
 3090311310 22000141113063040524 100 250 6 7 378 1   0   0  600 186 100   0 123
 31503111 0  00102391140212101 1 100  10 810 790 1 436   0 1100 300 150 100  53
 31803321 0  10001561120423705 4 100 100 8921753 1 249   0 2600 564 150   0 631
 31803321 0  1000123316042370624 100 200 8921753 1 249   0 32001152 150   0 631
 31803321 0  1000120326042420823 100 200 8821798 1 436   0 4200 558 150   0 395
 3240311110  1000124113053520521  501000 8601975 1 287   0 5500 630 150   0 631
 32503211 1  1000131113063570823  20  50 8341634 1   0   0 4000 456 150   0 570
 330031 1 0  0000174126022010124 100  50 8 2 858 0 649 649  400 174 150 200   0
 33603113 01 1000238115043010524  50 200 8 1 577 0 436 436  400 174 150 200   0
 33603113 01 10002185290  1401    50 100 8 5 468 1   0   0  500 126 150   0 187
 34003220 0  1000140116021370529  50 60019441926 1   0 700 3700 558   0   0 395
 34203113102 2000135113063430523  50  50 7741415 2   0   0 2400 330   0   0 370
 3430311310 11200151113063550521 200 10019681976 2   0   0 31001224   0   0 823
 3440311110  10001571130315305 4  50 70019532396 1   0 774 3900 444   0   0 591
 35203221 1  0100226216022040128  20 150 6 7 378 1   0   0  600 186 100   0 123
 35803110 0  0000238114043550822  20 100 6681128 1   0   0 31001224 100   0 428
 3590311110  10002612170311401 8  50 100 6 5 255 1   0   0  500 126 100   0 117
 36203211 1  1000227225042450828 100 100 8762446 1 436   0 4400 420 150   0 525
 36303222 02 10001351120420101 4 100 100 8 1 577 0 436 436  400 174 150 200   0
 36303222 02 1000238212032010124 100  20 8 1 577 0 436 436  400 174 150 200   0
 3720311110  10002682130530301 9  50  50 6 8 578 0 436 436    0   0 100 150   0
 373031 110  10002432260323001 3  50  50 6211073 1   0   0 1500 360 100   0 395
 37603210 0  1000156115021370524  50 300 6412026 1 249   0 3700 558 100   0 247
 37603210 0  10002562270210910 3  50 300 6351618 1   0   0 3100 396 100   0 525
 38203113 2  1000131118042220124 100 200 819 702 1   0   0  900 252 150   0 382
 383031 1 0  00001481260214308 3 600 100 8741610 1 436   0 2400 330 150   0 247
 40121212 0  0100249314072070823 100 10011281517 1   0   0 2100 414 100   0 312
 40121212 0  0100220325042010124 100  2011 1 387 1   0   0  700 348 100 200  93
 40421220 0  10001231160325408 4  50 70011582267 1 437   0 72001254 100   0 317
 40421220 0  1000220216042280122  50 20011191203 2   0   0  800 228 100   0 475
 40821222 02 20002302140530105 9  50  5010 2 446 1   0   0  700 348 100 200 121
 40921222 02 1000142114032240124 100 20010291343 2   0   0 2300 402 100   0 429
 40921222 02 10002422140430301 8 100 10010 8 607 1   0   0 1200 378 100 150 324
 41121111 0  1000159113032250824 100 10011291515 2   0   0 2900 480 100   0 475
 414211 0 0  00002601250312801 4  10  501022 476 1   0   0 1000 228 100  50 247
 41521211 1  20001301150430101 4  10  5010 2 446 1   0   0  700 348 100 200 121
 41521211 1  20002232230434408 6  10 15010801869 1   0   0 3800 666 100   0 471
 41721220 0  1000126116042410524 100 50010854562 1   02224 6500 636 100   0 395
 41721220 0  10002262150421401 3 100 30010 5 887 1   0   0 1500 378 100   0 324
 42021212 0 22100142112031210124  50  501010 270 0   0   0    0   0 100 100   0
 42721111 0  0000126115053220124  50 1001010 270 0   0   0  800 228 100 100   0
 43122211 1  1100127112053030525 100  20 9 8 742 0 561 561  800 240 100 150   0
 43122211 1  11002252250534306 3 100  50 9741583 2   0   0 2400 354 100   0 469
 43222221 01 10002322150322008 4  50 3001012 792 1   0   0 2000 234 100   0 471
 44322220 0  10001581180322201 9  50 20010191375 1   0   0    0   0 100   0 395
 44422110 0  0000124114053550822  50 10010681552 1   0   0 37001326 100   0 428
 451221 0 0  0010220127042430323 150  5010741200 1   0   0 3000 438 100   0 247
 45822110 0  10001361130632201 8 150 1002010 547 1   0   0    0   0  50 100 236
 4612222320  2000153113053270523 150  5020241601 2   0   0 1700 264  50   0 707
 50802111 0 110002441150420101 4 100 30013 1 890 1   0   0  600 258   0 200 395
 515021 0 0  00002561270310101 9 200  1013 1 890 1   0   0  600 258   0 200 395
 52002210 0  1000221225042530829 150 10013512033 2   0   0 4900 630   0   0 712
 530021 0 0  00102561260213703 7 650 70013412031 2   0   0 3800 540   0   0 642
 543021 1 1  0000267127021430728 400  5014741421 1 562   0 2000 276   0   0 247
 54402220 0  1200149116042200224 400 15014122045 2   0   0 1900 258   0   0 942
 54402220 0  12002412160420102 4 400 10014 2 937 1   0   0  600 258   0 200 471
 54802115111211001421160212405 4 400 10014292222 2   0   0 2800 432   0   0 853
 5500211211  10001261140531005 3 400  5014322232 2   0   0 4000 510   0   0 783
 55102110 0  10002551150212708 3 400  5014242307 2   0   0 2300 312   0   0 942
 55302114 12 10001331160325005 4 400 35014672447 11211   0 41001350   0   0 348
 5550211110  1200153113053530523 250 20014903229 2   0   0 5300 654   0   01062
 55802223 0211000139113053010124 200  2014 2 937 1   0   0  600 258   0 200 471
 55802223 02110002372140430201 4 200 30014131978 2   0   0    0   0   0   0 866
 6041311220  2010150116032220324 300  50 4 91293 2   0   0 1800 324   0 100 417
 6101311220  2111221515043370424 200 600 4442208 2   0   0 4600 624   0   0 720
 61213110 0  10001251150225005 6 500 200 4622162 2   0   0 4400 594   0   0 564
 61313310 0  1010254227021430124 200  50 474 465 1   0   0 1700 192   0   0 247
 61313310 0  1010121326042450324 200 100 4761301 1   0   0 3400 342   0   0 525
 61513210 0  20001551160210805 3 200  50 4271917 2   0   0 3600 444   0   0 586
 61513210 0  2000260225021010126 200  50 4 1 809 1   0   0 1000 216   0 200 195
 61613221 01 20001361120311305 6 200 300 4 4 550 0   0   0    0   0   0   0   0
 61613221 01 2000236215042010526 200 100 4 1 809 1   0   0 1000 216   0 200 195
 61813220 0  20002221140524305 3 150  50 474 465 1   0   0  700  90   0   0 247
 61813220 0  2000222514052430523 150  50 474 465 1   0   0  700  90   0   0 247
 62613113 02 1000132116032200525 100 300 4121760 2   0   0 2600 336   0   0 666
 630131 1 01 01002351240425308 3  50  50 4543156 2   0   0 6000 642   0   0 765
 63513110 0  1010225113053430128 150  50 474 465 1   0   0 1700 192   0   0 247
 6371311311 12100146112042010524 350 100 4 1 809 1   0   0 1100 222   0 200 195
 63813110 0  1100230115032010224 150 100 4 1 809 1   0   0 1100 222   0 200 195
 64913220 0  10001241140532805 9 250 100 4221248 1   0   0 2500 396   0  50 247
 65113223 03 20002372130530101 9 150  20 4 2 652 1   0   0 1100 222   0 200 195
 6521311310 211001501180530301 4 200  50 4 6 910 1   0 249 1400 318   0 100 195
 6531311220  30001541130535505 9 150 100 4682038 2   0   0 31001224   0   0 623
 65513111 0  1000147116021130124  50 100 4 4 550 0   0   0  500  84   0   0   0
 65813222101 2000148114042500725 150 300 4671893 2   0   0 31001224   0   0 543
 660131 0 0  00102471240324303 9 400  50 474 465 1   0   0 1000 120   0   0 247
 66213212 0111000231226021410923 150 100 4855530 2   02224 7600 756   0   0 590
 66513113 0 21000146115042040124  50  20 4 71240 2   0   0 1700 264   0   0 318
 67013111 0  20001651120311312 4  50  50 4 4 550 0   0   0    0   0   0   0   0
 6721311210 12000155113053530523 200 200 4522539 2   0   0 5000 516   0   0 720
 6741311211  1100127114053280229 100 250 4221248 1   0   0 2500 396   0  50 247
 70415110 0  1100134115022060123 100 10016171249 2   0   0 1300 156   0   0 828
 70715210 0  10001211160422405 3 100 15016292186 2 437   0 1900 282   0   0 569
 70715210 0  1000221226042180123 100 20016251197 1 437   0  900 108   0   0 369
 71015320 0  2000156114031070524 100 15016292186 2 437   0 1700 258   0   0 569
 71015320 0  2000254227031040124 100  5016 7 656 1   0   0  300  84   0   0 437
 71516210 0  1000142118063180529 100 1001626 856 1   0   0  600  60   0   0 437
 71516210 0  10002585270211408 9 100 10016 5 862 1 437   0  900 102   0   0 138
 716161 1 0 100002471250224308 3  50  5015741554 2   0   0 3200 348   0   0 385
 71916312 1  11001531260702208 6 100 15015201670 1   0 187 1900 330   0  50 369
 71916312 1  1100125316021500526 100 1001564 966 1   0   0 1200 600   0   0 556
 72216212 02 1300131117042430523 100  5016741947 2   0   0 2200 234   0   0 684
 72216212 02 1300230227021430223 100  5016741947 2   0   0 2200 234   0   0 684
 7351611412 112001341130631705 4 100 10016171249 2   0   0 1000 120   0   0 828
 7361611312  1100130116042190222  50 10026271375 1   0 474 1300 150   0   0 437
 74117111 0  1100147115021030224 150  5017 81246 1   0 287 1300 246   0 150 391
 7431711610141200147114032070224 100 30026292014 2   0   0 2300 216   0   01007
 74417210 0  1110158126011410826  50 10026843520 2   0   0 8100 858   0   0 832
 74417210 0  11102582170214303 9  50  5026742365 2   0   0 3200 330   0   0 684
 747171 1 0  0000157125032030124  50  5026 81739 1   0 287 1300 246   0 150 437
 74817114 11110001491160212102 1 150  5026101805 1   0   0 2200 366   0 100 437
 74917313 0111010122316042170124  50 2502626 643 0   0   0  500  48   0   0   0
 74917313 0111010220325042290828  50  2026222281 2   0   0 2900 378   0  50 684
 75117212 0 112002462250313002 2 200 20017201554 2   0 187 2600 390   0  50 786
 75217220 0  10002212150432201 4 100 10026202047 2   0 187 2000 306   0  50 832
 75317220 0  1010133115042210324 100 15017101476 1   0   0 2200 366   0 100 555
 75317220 0  10102422150325305 4 100100017551987 1 374   0 5100 474   0   0 525
 76618210 0  1210158115021140523  50  5026 51309 2   0   0 1900 210   0   0 806
 76618210 0  1210258225042030824  50 15026 61305 1   0   0 1700 312   0 100 437
 7671811310 21000137113053040524 150  5026 71074 1   0   0 1300 180   0   0 437
 76818221 01 1000131116042270523 150 20026242859 2   0   0 3700 558   0   0 908
 76818221 01 10002302150422201 2 150 30026191661 2   0   0 2400 366   0   0 832
 7711822110  1010145114032410523 100 20026856367 2   02224 8500 918   0   0 832
 7711822110  1010243216021410523 100 20026856367 2   02224 8500 918   0   0 832
 77418110 0  10002551160311801 4  50  502525 771 0   0   0    0   0   0   0   0
 7751822320  2220154115021570224 300  5026341020 1   0   0 2400 240   0   0 437
 7751822320  2220224314053180329 300  502626 643 0   0   0    0   0   0   0   0
 80504110 0  1000128114053010125  50  50 7 1 696 1   0   0  800 216   0 200 123
 8130411110  1000161114063200524  50 300 7121647 2   0   0 2400 354   0   0 594
 81404110 0  1000233115043040124 150  50 719 587 1   0   0    0   0   0   0 395
 8210411410121000134114021500624  50 20019871707 2   0 149 3100 330   0   0 786
 82404220 0  2000228213053220521  50 1001920 782 1   0 187 1200 198   0  50 395
 826041 1 1  0000228125042300124 100  501920 782 1   0 187 1800 282   0  50 395
 82904110 0  10002261150430401 4 100 100 719 587 1   0   0  500 174   0   0 395
 83004210 0  1000150115021030129  50 10019 6 848 1   0   0  500 174   0 100 395
 83004210 0  10002442260313708 3  50 50019412364 2   0   0 4000 420   0   0 629
 8330411110  1000157113053330526  50 300 731 922 1   0   0 2400 324   0   0 395
 8340411211  2000131114042450523  50 500 7773603 2   0 874 6800 630   0   0 648
 83605114101221001421140320405 1  50 15018 7 644 0 487 487  700  90   0   0   0
 83805113111 2000134115042450522  50 70018773875 2   0 874 7500 684   0   0 837
 8410511110  1000262215043030824 100  2029 61680 1   0 436 1200 228   0 100 382
 84305220 0  1000129115053450522 250 15029763105 2   0   0 4200 318   0   0 907
 84305220 0  1000223214053210822 250 10029101449 2   0   0 2000 282   0 100 435
 84705220 0  2000151115021190524 100 20029272163 016371637 1900 162   0   0   0
 84705220 0  20002455150420105 4 100  5029 11236 1   0   0 1500 270   0 200 382
 84805212 0 211001381160224305 2 100  5029742269 2   0   0 3100 312   0   0 629
 84805212 0 21100236225043220224 100 10029201735 1   0 661 1400 168   0  50 382
 850051 0 0  00002561250420101 5  50  5019 1 897 1   0   0 1500 270   0 200 382
 8550511110  1101127115022210124 100 10018101127 1   0   0 2000 282   0 100 312
 85605221 1  20001351130531805 4 250  5018261320 0 998 998 1800 228   0   0   0
 85605221 1  2000230215053190521 250 20018261320 0 998 998 1900 162   0   0   0
 85705110 0  1000248113053050129 100  5029181671 1 837   0    0   0   0   0 312
 86105211 1  10001281150430305 9 150 15018 6 627 1   0   0 1200 228   0 100 312
 86105211 1  10002262250430301 4 150 15018 6 627 1   0   0 1200 228   0 100 312
 86306222 0 11000147114022540525  50 40018582393 2   0   0 74001068   0   0 842
 86306222 0 11000221315022210124  50  5018101127 1   0   0 2200 366   0 100 312
 87006112 0 111101471160213703 1 300  5018432203 2   0   0 43001212   0   0 559
 87806220 0  2100146115022150224  50 35018161300 1 487   0 1100 126   0   0 437
 87806220 0  21002422150321505 4  50 40018161300 1 487   0 1100 126   0   0 437
 90123210 0  1000222225042300621  50 10019221532 2   0   0 1400 222   0  50 629
 90223210 0  1000151116042240124  50 1001929 696 1   0   0 1000 114   0   0 382
 90223210 0  10002442250422301 9  50  501919 694 0   0   0    0   0   0   0   0
 90623210 0  1000130122063010124 300 20019 1 897 1   0   0 1400 294   0 200 382
 90623210 0  10002312140420301 4 300  5019 8 763 1   0   0 1300 252   0 150 382
 90823110 0  1000229115052420523 300 50019822014 1   0   0 4800 528   0   0 395
 91023221 1  2000135113053340524 100 1001930 926 2   0   0 2200 240   0   0 631
 91023221 1  2000229213053370524 100 15019412364 2   0   0 34001050   0   0 629
 9152322210 152001511150210401 4 150 20019181261 1   0 487  800 114   0   0 395
 9152322210 15200246215042040124 150 10019181261 1   0 487  800 114   0   0 395
 91623210 0  1000137115021410524 100150019832286 1   0   0 7600 726   0   0 395
 91623210 0  10002412260312106 8 100  5019101348 1   0   0 1500 252   0 100 395
 91923110 0  1000222115042220124  50 1001920 782 1   0 187  900 138   0  50 395
 92023221 0 11200148116021250227 150  501929 696 1   0   0 1600 174   0   0 382
 92023221 0 112002392170420301 9 150 2001919 694 0   0   0 1300 252   0   0   0
 92123113102 2000138113053450522 150 70019774096 2   0 874 7100 696   0   0 920
 922232 1 0 100002431250312301 4 100 1001919 694 0   0   0    0   0   0   0   0
 922232 1 0 10000222325042230124 100 1501919 694 0   0   0    0   0   0   0   0
 92323212 2  10001291130532405 4 100  501929 696 1   0   0 1000 114   0   0 382
 92323212 2  1000228223053010129 100  2019 1 897 1   0   0 1400 294   0 200 382
 93226112 2  10002311130634105 4 200 10019842667 1   0   0 7600 750   0   0 395
 93326220 0  1000222214053140524  50 10019 51103 2   0   0 1700 276   0   0 512
 93526211 0  1000156113053030124 100  5019 8 763 1   0   0 1400 258   0 150 382
 9362611110  1000152114021130524  50 25019 41639 2   0   0 2300 366   0   0 590
 94131112 0 200002381150322108 2  50 10020111124 1   0 437  900 144  50 100 236
 94731210 0  1000124118042320129  50 1002121 596 0   0   0  800  96   0   0   0
 95831224 1211000131113032230124 200 1002019 803 1 187   0 1200 162  50   0 395
 95831224 12110002312150322301 8 200 1502019 803 1 187   0 1200 162  50   0 395
 96031110 0  10002251150424305 7 150  5020741747 2   0   0 2800 354  50   0 483
 96132111 0  1000124113053210524  50 1002010 547 1   0   0 1300 204  50 100 236
 962321 3 01 0000242126021300123  50 1502020 164 0   0   0 1000 168  50  50   0
 96532220 0  2000229214053410528  50 10020842262 2   0   0 7500 672  50   0 631
 96632110 0  10001241150535705 6  50  5020341718 1 187   0 3900 360  50   0 369
 96832111 0  00101271130530301 5  50 10020 81010 1 187   0 1600 306  50 150 369
 9743211210  1000229315042300124 100 1503121 709 0 537 537 1000 168   0   0   0
 9773232110  3100144116042190523 100 25021271686 2   0   0 3100 312   0   0 786
 9773232110  3100243215032260522 100 1002119 664 1   0   0  700  90   0   0 395
 9773232110  31001213260424109 2 100 20021855782 1   02224 7500 672   0   0 395
 9803211312  10001261160422505 7  50  5021361169 1   0 200 2300 234   0   0 369
110229222 01112001451140532702 3 300  5021242278 2 487   0 1800 222   0   0 707
110829113 0 11010148116021270529 150 10031242789 2   0   0 1800 222   0   0 866
110929112 01 1000130113053420524 200 30031132064 1   0   0 4800 534   0   0 395
111529110 0  10002261150535005 4 300  5031242789 2   0   0 1800 222   0   0 866
112129221 1  20002232140533005 4 100 30031222327 017601760  400  42   0  50   0
112329211 1  1010227227031430823 350  5023741638 1   0   0 3400 468   0   0 247
11312911110  1000159116042070521 150 20022291794 2   0   0 3000 336  50   0 629
113729220 0  10101481160433505 3 450 10022281890 2   0   0 2600 300  50   0 559
114629210 0  10001221160425305 4 100 10022543013 2   0   0 4900 468  50   0 817
114629210 0  1000221226032530623 100 10022543013 2   0   0 4900 468  50   0 817
114830111 0  1000149115042280123 150  502023 993 2   0   0  700 114  50   0 405
115330112 0  1100153116021420224 200 50020821609 2   0   0 4200 450  50   0 631
1157301 0 0  0100257124021060221 150 10020181668 1 187 487 2100 330  50   0 395
1160303 1 0 20010116326032060721 150  5020181668 1 187 487 2100 330  50   0 395
1160303 1 0 20010260427021010128 150 10020 1 714 1   0   0 1000 336  50 200 236
116930211 0  1020158115032010324 150  5020 2 871 1   0   0 1000 336  50 200 236
116930211 0  1020256225042220123 150 2002019 803 1 187   0  500 126  50   0 395
1177302 0 0  00101551240322503 4 100  5022291794 2   0   0 2600 372  50   0 629
1181301 0 0  01002311270212901 4 150 3002222 576 0   0   0  400  42  50  50   0
120127311 0 110001253260323707 9 100  1024912052 2   0   0 2200 948   0   0 718
1204271 511211000151125021280127 150  5024221761 1   0 587 1000 228   0  50 471
1216282 1 1  0100134126021280124 100 4002222 576 0   0   0    0   0  50  50   0
1216282 1 1  0100225227014210128 100  202210 499 1   0   0 1300 300  50 100 247
121728111 0  00011211150420904 4 300  5035222261 2   0   0 3700 378   0  50 817
12232811110  1000248114053030524 250  1022 81243 1   0 436 1700 468  50 150 247
122428321 0 11020250115021290124 200 1502222 576 0   0   0  600 126  50  50   0
122428321 0 11020128314063150321 200 40022161943 2   0   0 2400 462  50   0 684
122428321 0 110201163250320103 4 200 10022 1 666 1   0   0 1300 468  50 200 247
122528220 0  1000130115042290124 200 1502222 576 0   0   0  600 126  50  50   0
122528220 0  1000227215042290128 200 30022211618 012231223  600 126  50   0   0
12262811110  2000157113042330524 150 20022211618 012231223 1600 282  50   0   0
12272822110  1000152113032280124 200 1502223 340 1   0   0    0   0  50   0 169
1228281 0 0  00002411240425308 3 100  5022543013 2   0   0 5500 624  50   0 817
123528330 0  22101481150212703 9 100  5023241740 2   0   0 1000 258   0   0 718
123528330 0  22102512170214302 3 100  5023741638 1   0   0 3100 516   0   0 247
123528330 0  2210121314042270523 100  5023241740 2   0   0 1000 258   0   0 718
124628320 0  20102432160324109 3 500 10023855248 2   02224 7300 690   0   0 642
124628320 0  2010118326042390324 500 30023461744 2   0   0 4800 570   0   01026
12532822210  30101591140420305 4 150  5022 61216 1   0 249 1700 468  50 100 247
12532822210  30102502150320306 8 150  5022 61216 1   0 249 1700 468  50 100 247
125428111 0  10101421160212703 1 400  5022241716 1 587   0 1000 258  50   0 471
12582811110  20001311150532101 4 200 20023111133 1   0 587 1300 300   0 100 169
126028222 11 11001341160422002 9 250 30023121478 2   0   0 1900 282   0   0 718
126328221 1  1100126116042280123 150 2502322 357 1   0   0    0   0   0  50 169
126328221 1  11002242150421405 3 150 30023 51573 2   0   0 2000 462   0   0 571
12642811310 11020146116021540524 300 50023582176 2   0   0 74001254   0   0 486
1267281 0 0  00002381270212709 4 300  5022241716 1 587   0 1000 258  50   0 471
127028112 0 210102331150224105 4 180 60022842214 2   0   0 7300 690  50   0 642
127128112 0 11000146116022300124  50  5022211618 012231223  700 174  50   0   0
13023322210  2000221315042070524 150 30030321642 3   0   0 2200 216   0   0 917
131033223 21 2210145113063550529 250 15031682363 2   0   0 49001332   0   0 823
131033223 21 22102432130635505 9 250 10031682363 2   0   0 49001332   0   0 823
131233222 2  2000128114053270523 200  5088242675 2   0   0 2500 252   0   0 840
131233222 2  20002322130534105 3 200 20088856183 2   02224 7900 582   0   0 764
131333221 1  2000134114042270523 100 10088242675 2   0   0 2500 252   0   0 840
131333221 1  20002312140533301 8 100 20088311264 1   0 537    0   0   0   0 369
131433221 1  1000126115042320527 150 10088311264 1   0 537  500  54   0   0 369
131433221 1  1000224215042030827 150 20088 61829 1   0   0 2000 336   0 100 369
131533320 0  2020158116021240328 200 20088291597 2   0   0 1700 162   0   0 960
131633110 0  10002321130531805 5 100  5088261950 2   0   0 3200 366   0   0 806
131733222 11 2000132114042220524 100 25088191219 2   0   0 1400 168   0   0 764
131733222 11 2000231214042330128 100 1008888 663 0   0   0    0   0   0   0   0
131933222 11 22002312140422205 9 150 10088191219 2   0   0 1400 168   0   0 764
132033113111 1000134114042520524 150 20088892647 3   0   0 6100 570   0   01437
132233321 0 11110152116032250523 150 2008836 984 1   0 200 2600 240   0   0 369
132233321 0 11110248225032220828 150  5088 91136 1   0   0 1400 168   0 100 369
132633112 1  1000125116032570526 300 10021341130 1   0   0 4000 342   0   0 369
133033220 0  2000155113063210529 100 20020111124 1   0 437 1700 234  50 100 236
133033220 0  20002472130633401 4 100 10020881143 1 187   0 1500 162  50   0 369
133733111 0  10001261130535605 3 100 15021521389 1   0 312 3600 342   0   0 369
134033220 0  1100127113053270223 100  5031242789 2   0   0 2500 252   0   0 866
134033220 0  1100226214042070524 100 25031281607 2   0   0 2100 204   0   0 707
134434114 12 13001291160310105 9  50 10030 1 900 1   0   0 2700 468   0 200 236
134534113 02 1000135115042450522 150 15030762769 2   0   0 6000 534   0   0 761
135034210 0  0110156116011290321 200 25030231179 2   0   0 2100 186   0   0 405
1352341 1 0 101102491260214303 4 200  5030741933 2   0   0 4400 528   0   0 483
135634221 1  10001261140422108 4 100 1003710 963 1   0   0 2500 342   0 100 236
135634221 1  1000225213042230524 100 20037191177 2   0   0 2200 246   0   0 631
13583421210 112102412260425703 6 200  503734 675 1   0   0 3100 246   0   0 369
136561111 0  20101591160210703 5  50 25038321332 2   0   0 2100 210   0   0 681
1369343 2 0 100001441260322901 4 150  508821 555 1   0   0 1000  96   0   0 369
1369343 2 0 10000244227021330128 150 1008888 663 0   0   0    0   0   0   0   0
1369343 2 0 10000119326032320124 150 15088311264 1   0 537  500  54   0   0 369
1376341 110  1000253226014340124 100 15030881040 0 787 787 1500 138   0   0   0
140141223 0 22120120315042280524 400 15084222198 2   0   0 7300 492   0  50 642
140241321 0 11010242214063410123 200 2008484 590 0   0   0    0   0   0   0   0
14034111312  2000135115042280523 600 40084222198 2   0   0 7300 492   0  50 642
14044133210 12100152115042410524 50010008484 590 0   0   0    0   0   0   0   0
14044133210 121002432140324105 7 500 2008484 590 0   0   0    0   0   0   0   0
14044133210 12100219315042270823 500140784242776 2   0   0 6500 396   0   0 866
140741321 0 120002472270214107 3 200 2008484 590 0   0   0    0   0   0   0   0
140741321 0 12000125317042410524 200 1508484 590 0   0   0    0   0   0   0   0
140741321 0 120002133290  4101   200  508483 797 1   0   0    0   0   0   0 395
140841321 0  20001511180326205 9  50 50084553850 2   0   010900 798   0   0 986
140841321 0  2000220325032220824 200 10084101722 1   0   0 6500 564   0 100 395
141041222 02 2000240215042230528 200 20084192701 1   0   0 7600 678   0   0 395
14154111312  1000133113063520529 200 60084603790 2   0   0123001002   0   01026
141641112101 1100143116042410121 100 10084853831 028982898    0   0   0   0   0
141841113102 1100146115042270923 400  5084242776 2   0   0 6500 396   0   0 866
141941210 0  1100225225032380825 400 15084463701 1   0   0 9900 684   0   0 395
142141210 0  1000226226032410123  50 10084853831 028982898    0   0   0   0   0
14274121110  1101241125042410221 100 10084853831 028982898    0   0   0   0   0
14274121110  11012203150422205 3 100 20084192701 1   0   0 6900 618   0   0 395
142941221 01 2100138114042420529 100 10084131395 1   0   0 3600 312   0   0 395
142941221 01 21002372150422005 8 100 40084122514 2   0   0 7500 516   0   0 866
1434411 2 2  0100222126032410127  50 10084853831 028982898    0   0   0   0   0
143541220 0  2100127114053010529  50 15084 11889 1   0   0 6600 696   0 200 395
143541220 0  2100230214032410229  50 1508484 590 0   0   0    0   0   0   0   0
143641114 0121310144116011200523 500 10083272910 2   0   0 9100 870   0   0 786
143741211 0 11010145116021530523 100 30083903623 2   0   010900 798   0   0 986
144041113102 10001341150420108 5 200  5083 11488 1   0   0 6600 696   0 200 395
1442411 1 01 02002331250424102 4 200 4008384 777 1   0   0    0   0   0   0 395
144341110 0  1000240114042410529 200 1508384 777 1   0   0    0   0   0   0 395
14534122320 121001471140224105 7 500 2008384 777 1   0   0    0   0   0   0 395
14534122320 121002422140424105 7 500 2008384 777 1   0   0    0   0   0   0 395
145641222 11 22001391160422705 9 600  5083242375 2   0   0 6500 396   0   0 866
145641222 11 22002332150420805 3 600  5083282712 2   0   0 9300 870   0   0 707
14624211410 32020145113063450522 700 70082774423 2   0 874 3100 246   0   0 920
1464422 0 0  00102481250210108 4 100 10013 1 890 1   0   0 3800 486   0 200 395
1464422 0 0  0010225325042030329 100  5013191702 1   0   0 4400 534   0   0 395
147042222 2  2000227214053370528 200 50075412867 2   0   0 5200 786   0   0 718
147342221 01 2000133112021160529 100 10082151986 2   0   0 5400 582   0   0 533
147342221 01 20002302120421605 1 100 15082151986 2   0   0 5400 582   0   0 533
14764211110  1100130115053420224 100 2008213 708 1   0   0    0   0   0   0 395
1479421 6 13100001381260212507 3 150  5082362773 2   0   0 6200 654   0   0 986
15014322110  30001481150422205 9 250 30073192234 2   0   0 3100 450   0   0 853
15014322110  3000122313053260524 250 10073192234 2   0   0 3800 528   0   0 853
150343222 11 2000232214053430523 150  5073741705 2   0   0    0   0   0   0 718
15044311110  30001661120532805 4 900  5073222053 2   0   0 3500 516   0  50 718
15074311210  2000150116041010624 150 10073 21261 1   0   0 2100 318   0 200 471
150843110 0  10002271150424305 3 300  5073741705 2   0   0 1100 102   0   0 718
15094311310  20001581150425305 4 200 50073573033 2   0   0 7400 990   0   0 788
1511431 0 0  00002611270140108 9 200 10073 11418 1   0   0 2300 366   0 200 471
151443222 0112200138113063450524 200 10073811517 1   0 512 1200 108   0   0 471
151443222 01122002352140424305 8 200  5073741705 2   0   0 1100 102   0   0 718
151543111 0  11001461160212805 6 200 35073222053 2   0   0 3500 516   0  50 718
151643112 01 11002402130635505 9  50 10073682647 2   0   0 48001428   0   0 899
151843111 0  1010162116021130324 200 10073 41436 2   0   0 1700 318   0   0 666
152443111 0  10101541150215305 8  50 50075903229 2   0 137 6600 852   0   0 996
152843220 0  21101621140423105 5 100  2074201778 2   0   0 2900 510   0  50 483
152843220 0  2110124315052330525 100 15074212204 2   0   0 4200 696   0   0 642
15294311430  23001511130532005 4 200 30074122402 1 524   0 3300 510   0   0 471
1530431 0 0  01002211240424302 3 100  5075741335 1   0 524    0   0   0   0 471
153143221 1  11101261160422903 4  50 45075222035 2   0   0 3400 576   0  50 718
153143221 1  11102272170214301 7  50  5075741335 1   0 524    0   0   0   0 471
153243110 0  1100254115021430124 300 10075741335 1   0 524    0   0   0   0 471
153343211 0 11100137114042430123 500  5075741335 1   0 524    0   0   0   0 471
153443210 0  1010258114042220528 400  5075741335 1   0 524    0   0   0   0 471
153443210 0  10102253270424301 3 400  5075741335 1   0 524    0   0   0   0 471
153543330 0  23101231130730406 5 250  5075 71437 2   0   0 2400 426   0   0 594
153543330 0  2310223213073500225 250 10075632153 2   0 212 32001008   0   0 840
153643113102 12001381130535505 4 150 10075681924 2   0   0 38001386   0   0 899
153843110 0  10002461150420105 6 550  5074 11078 1   0   0 1700 384   0 200 247
154243220 0  10002212150424301 3 300 4007575 525 0   0   0    0   0   0   0   0
155043110 0  1000255114052430128 300  507474 328 0   0   0    0   0   0   0   0
15514322210 11001148116021120524 500 10075 21243 1   0   0 1400 288   0 200 471
15554321110  1110252217021430122 300 4007575 525 0   0   0    0   0   0   0   0
15554321110  1110219325042430224 300 50075741335 1   0 524    0   0   0   0 471
1559431 0 0  00002481240214301 9  50  5073741705 2   0   0 1100 102   0   0 718
156143220 0  1000228214053230524 150 20073192234 2   0   0 3600 558   0   0 853
1568431 1 0  0010158126031070326 100 20073322556 2   0   0 4600 630   0   0 783
157843220 0  10101361150423003 2 300 20073202118 2   0   0 3500 516   0  50 707
157843220 0  1010234215042340522 300 15073302304 2   0   0 4900 654   0   0 707
15794321110  11101571140325405 4 300260073593557 2   0   0105001614   0   0 788
15794321110  1110255225042010224 300 15073 11418 1   0   0 2300 366   0 200 471
158143222 01120001411130532705 3 400  5073242631 2   0   0 4100 516   0   0 942
158143222 01120002402130530105 4 400  2073 21261 1   0   0 2300 366   0 200 471
160145224 22 21002372130530907 4  50 15081353004 2   0   0 6200 486   0   0 996
160545221 01 1000235213053430524 200  5081741370 1   0 412 1700 144   0   0 525
16094511110  2000157115032010529 150  5075 11400 1   0   0 3000 372   0 200 471
16104511410 214001481140534102 2 150  5075843274 2   0   0 9500 708   0   0 866
161145220 0  3000145113042150524 200 20075161790 2   0 437 3900 318   0   0 609
161145220 0  3000239215042330524 200 10075302286 2   0   0 5500 552   0   0 707
16124532110  30002313150532505 9 150  5075362814 2   0   0 5700 516   0   0 996
16124532110  3000130514053200829 150 30075121879 1   0   0 4600 540   0   0 471
161345113 11 1000132113063430523 200  5075741335 1   0 524 1700 144   0   0 471
16154511211  2000123113053450529 150 70081772266 1   0 874 7700 468   0   0 525
161745211 0  1020150116042250523 250 20081363141 2   0   0 5600 510   0   0 996
162145113111 20001351130532705 3 150  5081242468 1   0   0 5000 600   0   0 471
16224511110  1000230213053030824 200 10081 81820 1   0 287 3300 366   0 150 471
162345221 0 11000147114042200824 150 30076122911 2   0   0 4600 540   0   0 996
162345221 0 11000243215032450128 150 1507676 853 0   0   0    0   0   0   0   0
16254522110  12101541130634305 4 700  5076741758 1   0 412 1700 144   0   0 525
16254522110  1210222315053570823 700 10076323098 2   0   0 5900 462   0   0 837
162945113102 1000134116042430524 200 50081741370 1   0 412 2300 180   0   0 525
163045115 01311101491160322905 1  50 30076232765 2   0   0 4700 498   0   0 772
163245223 01221002462140421405 8 100 30076 52427 1   0 649 3100 240   0   0 525
163445114 02123001461140221605 4 100 35076152478 2   0   0 3500 270   0   0 663
1635451 1 0  00102421270324303 3 100  5076741758 1   0 412 2300 180   0   0 525
16384511410212000140113063540523 100 25076583809 2   0   0105001356   0   0 842
164145222 01120001351140632505 4 150  5076363531 2   0   0 5500 504   0   01116
164145222 0112000234215042450121 150 1007676 853 0   0   0 1700 150   0   0   0
164345113101 10201441130535505 9 100 10076683189 2   0   0 51001260   0   0 953
16604511220  2000157113053500524 500  5078662666 2   0 274 8300 822   0   0 699
1681441 2 1  0010127126032370324 150 35080413231 2   0   0 6700 888   0   0 718
180650113111 2100129114053420526 200 10066822610 2 274   0 68001854   0   0 623
180750322 0  0000235226032410923 150 20065855980 2   02224 91001296   0   01026
180750322 0  0000123516042050724 150 15065292183 2   0   0 2400 624   0   0 938
181350322 0 20000240116022150824 100 40063161681 1 212 437 1500 486   0   0 369
181350322 0 200001183260325408 9 100 20063583565 2 212   0 89001506   0   0 686
181650313 0110110149117021430823 200  5063742435 2 212   0 3400 690   0   0 616
181650313 0110110247227021570828 200  5063342256 2 212   0 4500 750   0   0 806
181650313 0110110218325032010824 200 10063 21559 1 212   0 2600 708   0 200 369
181750115 1211000134116022500529 100 10063671810 2 212   0 1000 540   0   0 717
182250220 0  2200145116021530526 200 15061564078 2   0 862 5500 408   0   01080
182250220 0  22002392170115005 3 200 50061662489 2   0 274 39001218   0   0 783
182350211 0  1100237126022410923 100 20061856497 2   02224 9800 960   0   0 950
182350211 0  1100130516053100224 100 10061322035 2   0   0 2500 228   0   0 867
182550224 13 1200141113063550523 100 10061682563 2   0   0 39001218   0   0 983
182550224 13 1200238213063550528 100 10061682563 2   0   0 39001218   0   0 983
182750330 0  2000127315053270523 300  5061242989 2   0   0 5000 630   0   01026
182850221 0 11010241215042500128 200 1006186 765 1   0   0 1600 138   0   0 555
183050113 1 11000137112042070524 100 30061292904 2   0   0 2600 234   0   0 937
183150221 0 11210142116042370524 150 70086443361 2   0   0 7400 654   0   01080
183150221 0 11210237216042050324 150 30086181696 1   0 374 4000 480   0   0 555
183250323 0 211102213150420607 9 300 20061181510 1   0 374 2100 186   0   0 555
183250323 0 21110118326042500124 300 1006187 707 1   0   0    0   0   0   0 555
183550222 11 2100143113053110524 150  2562142387 2   0   0 4900 630   0   0 840
183550222 11 2100241213053330529 150  5062882639 1   0   0 5900 522   0   0 369
183950211 01 10001321160210305 4 100 10062 61331 1   0   0 3900 546   0 100 369
184050222 2  2000132113053500523 100 15062651822 2   0   0 2200 606   0   0 925
184050222 2  2000232214053150528 100 40062161637 1   0 437 3100 342   0   0 369
184150320 0  2230158116022290224 200 10062232477 2   0   0 5500 576   0   0 616
184150320 0  2230256227022500129 200 1506263 886 1   0 212 2200 606   0   0 369
184350222 11 2100127114053570525 150 10062342212 2   0   0 4000 336   0   0 806
184350222 11 2100227215053210522 150 10062101885 2   0   0 4800 660   0 100 422
184650113 2  12001301160225205 9  50 40062602687 2   0 524 3600 312   0   0 806
1848501 5112100001441230632708 9 100  5062242885 2   0   0 5900 690   0   0 840
1849501 1 0  00002571240423010 5 400 10067222171 2   0   0 41001680   0  50 595
185050114103 15001371160322205 4  50  5064202281 2   0   0 4600 606   0  50 867
185150112 0 113102461150421405 3 200 30064 51111 1   0   0 3700 420   0   0 556
185350210 0  10001291160222005 9 100 30062122623 2   0   0 5800 714   0   0 840
185350210 0  1000238226022410929 100 20062856393 2   02224107001020   0   0 764
18695011211  1100224214052130523 250  5064742380 2   0   0 44001548   0   0 803
187750210 0  1010231226014210329 250  5066101902 1 274   0 42001668   0 100 428
190348222 0112010144113053550529 250 10072682344 2   0   0 53001314   0   01158
190348222 0112010233214053180529 250 15072252643 2   0   0 6300 480   0   01099
190647112 0 111101123290  4902   600 15072293444 2   0   011000 822   0   01112
190847222 0 11110157116021470321 400 20072724921 0   0   0    0   0   0   0   0
191547221 0 11000141116021470127 150 50072724921 0   0   0    0   0   0   0   0
191547221 0 11000233216021470524 150 50072724921 0   0   0    0   0   0   0   0
191747320 0  10001441160214701 1 200 30072724921 0   0   0    0   0   0   0   0
191747320 0  1000238226021470121 200 60072724921 0   0   0    0   0   0   0   0
191747320 0  10002193150425005 1 200  5072671667 1   0   0 71001416   0   0 730
192447222 2  20001291150530110 2 400 10072 13007 1   0 436 9300 852   0 200 730
192447222 2  20002282130535305 9 400 10072554127 2   0   012500 750   0   01255
1925472 0 0  0020159126042470321 450 30072724921 0   0   0    0   0   0   0   0
1925472 0 0  00202532260214703 1 450 30072724921 0   0   0    0   0   0   0   0
192747222 2  2000231215042470524 700 30072724921 0   0   0    0   0   0   0   0
192847223 1111100138114042280525 600 10072223488 2   0   010600 972   0  50 977
193747223 12 1000136116032490724 500 40072711380 1   0   0 4600 288   0   0 730
193747223 12 10002282150424505 9 500 10072764273 2   0   0 8900 552   0   01255
194547211 01 10001301160215005 2 250 40072671667 1   0   0 71001416   0   0 730
194547211 01 1000228327032470124 250 10072724921 0   0   0    0   0   0   0   0
194747216 11302101511160144703 7 600 50072724921 0   0   0    0   0   0   0   0
194847220 0  10001301160424701 4 600 60072724921 0   0   0    0   0   0   0   0
194847220 0  1000230215042470124 600 60072724921 0   0   0    0   0   0   0   0
194949221 1  1000127114052070524 250 15071292811 2   0   0 6200 564   0   01013
194949221 1  10002262130530106 2 250 35071 11931 1   0   0 5300 624   0 200 631
195049112101 11001331130635502 1 200 10071681696 2   0   0 31001182   0   01158
195149111 0  10001341130635505 1 200 10071681696 2   0   0 31001182   0   01158
195949430 0  1100248217021490123 300 40071713113 0   0   0    0   0   0   0   0
195949430 0  1100222315042300524 300 20071202631 2   0   0 6500 792   0  50 867
195949430 0  1100219325042180824 300 15071262989 2   0   0 4100 354   0   01068
19624911210  2110148113053040323 200  5071192499 2   0   0 4800 516   0   01013
196349211 0  10002492270215510 3 300 10071681696 2   0   0 31001182   0   01158
196749223 1 22000238213053490521 150 70071713113 0   0   0    0   0   0   0   0
196949110 0  10002281150421505 3 200 40071161967 1   0 437 4700 462   0   0 631
19714911310 221001361130430405 3 100  5071 72039 2   0   0 4800 516   0   0 754
197349210 0  1000154118021140527 200 30071 32393 1   0 649 4900 522   0 100 631
197349210 0  10002492250325006 9 200 10071671019 1   0   0 2600 222   0   0 730
201052110 0  1000148117021500527 400  5089652794 2   0   0 6300 414   0   01187
201152222 02 1000137116042450724 150 20089752854 2   0   0 7800 618   0   01102
20135211410211000138116021540523 100 30089583945 2   0   0 89001152   0   0 948
201752113111 2000135113063530524 800 10089902881 2 986 137 5300 396   0   0 931
201852210 0  1000260227021040628 150 20060181538 1   0 374 4400 390   0   0 631
202052221 01 20002262150425705 3 100  5089341664 2   0   0 3100 270   0   01068
20225211110  1000129113053180529 300  5089262160 1   0 624 4100 354   0   0 631
202352222 1 12100140114042570526 200 15089322355 2   0   0 3700 300   0   0 943
202352222 1 12100235214042570524 200 15089322355 2   0   0 3700 300   0   0 943
202552111 0  11001511140322205 3 300 20089192111 2   0   0 5500 576   0   01026
202852221 01 1010155116021450326 100  5089763651 2   0   0 8700 690   0   01156
202852221 01 10102422160215005 4 100 20089623055 2   0   0 3600 294   0   01000
202952221 0  2000241215042140523 100  5089 52010 2   0   0 5400 510   0   0 748
203252222 01111001411150221508 2 100 40060161906 1 524   0 4500 402   0   0 437
203252222 0111100241215042540523 100 35060583653 2   0   0 89001152   0   0 948
20335211110  1000265215032220529 250 10089202497 2   0 187 5500 576   0  501026
203452222 02 20001411140422705 3 300  5089243309 2   0   0 6800 654   0   01102
203452222 02 20002392150420405 3 300  5089 71524 1   0   0 4400 390   0   0 631
203652222 11 20001311130535505 4 300 10089682883 2   0   0 70001356   0   01059
203652222 11 2000228214042500524 300 10089633112 2   0 212 5200 846   0   01000
2041521 1 0  02002572270114302 6 100  5089742815 2   0   0 6700 606   0   0 878
20425211310 212001421160420705 4 100 20089271140 1   0   0 3800 348   0   0 631
20445211210  1000159114042520126 200  106060 902 0   0   0    0   0   0   0   0
204752111 0 110102451140430805 2 150 2006027 848 1   0   0 3800 348   0   0 631
204952222 11 2000128115032450524 100 10089763651 2   0   0 8700 690   0   01156
2053521 1 0 100002291250421408 4 200 30060 51718 2   0   0 5400 510   0   0 748
205552221 0  2010140116021200927 300 30060122755 2   0   0 6700 678   0   01102
205552221 0  2010240216021200927 300 30060122755 2   0   0 6700 678   0   01102
205652220 0  10001241160423705 4 150 70060413271 2   0   0 8300 618   0   0 878
205652220 0  1000223216042270923 150  5060243017 2   0   0 6800 654   0   01102
205852220 0  1000136114042450923 200100060774711 2   0 87411100 978   0   01156
206152210 0  10001641150423605 5 200 50060403567 2   0   010500 798   0   0 878
206152210 0  1000255225022390625 200 20060462819 2   0   010000 798   0   01026
206252113 01111001341140423305 4 300  5060302690 2   0   0 6100 486   0   0 867
206552220 0  20001571140424505 4 600 70060774711 2   0 87411100 978   0   01156
206552220 0  20002592150214505 9 600 70060774711 2   0 87411100 978   0   01156
207351223 0 22200145114043271023  50  5086243175 2   0   0 5600 636   0   01026
207451222 2  2000130114053070523 150  5086281993 2   0   0 3200 282   0   0 867
207451222 2  20002302140535005 1 150  2086632405 11149 212 3300 732   0   0 369
207551114101211001411140534509 3 150 60086774869 2   0 874 9200 714   0   01080
2080512 1 01 0010241225042010823 200 30086 11962 1   0   0 3900 480   0 200 555
208351312 01 10002263240224308 3 150  5086742681 2   0   0 5400 522   0   0 802
208351312 01 1000120317021530523 150 10086542802 3   0   0 4700 288   0   01562
208351312 01 10002193270324308 3 150  5086742681 2   0   0 5400 522   0   0 802
208451111 0  2000147114032040521 200 10086 71390 1   0   0 3200 306   0   0 555
210553222 0 12200119316042500524 150 40090623404 2 137   0 6300 468   0   0 894
211653221 0 11000153116021530125 250 10056551657 1 862   0 2600 264   0   0 361
211753223 2  10001301160323705 4 150 60090413739 2   0   0 7200 552   0   0 838
211753223 2  1000158416021530123 150 8009090 787 0   0   0 2600 264   0   0   0
212253312 0110210119326022530123 250 80056901320 0 999 999 2600 264   0   0   0
212353211 1  11002222250322308 4 250 15056192880 1 862   0 4600 456   0   0 591
2127531 2 0  0010162126021540324 100 30090591742 2 137   0 4600 828   0   0 842
212853222 02 21002322130535305 4 800 20090531878 1 137 774 2400 216   0   0 361
21295322210 12100144114032520524 350 60090602558 2 137 524 5100 420   0   0 962
21295322210 12100220314043270523 350  5090243485 2   0   0 5600 504   0   01062
213353222 0 21000138116021530523 200 30056521813 1 862   0 2700 252   0   0 361
213353222 0 210002342160214109 7 200 10056857858 21287222412000 918   0   0 712
213653114 12 0000140116011410523 250130090833765 2   0   010900 834   0   0 986
2137531 110  1000134125053570124 200 15055321052 1   0   0 3500 276   0   0 525
213853321 0  20101243160422505 3 150  505536 997 1   0   0 2800 228   0   0 591
214353221 01 10001331160323705 6 300 10051855851 2   0222410500 810   0   0 712
214453112 0 110001471160215305 4 700 4005755 875 1   0   0 1100 102   0   0 525
214553221 01 2000143112021340529 450 2005130 794 1   0   0 2500 240   0   0 317
214553221 01 20002412140434105 7 450 20051843004 2   0   010500 810   0   0 712
214953212 1  10002213250425708 9 350  5051341239 2   0   0 3300 300   0   0 686
220254220 0  1000125114042250524 100 20058292523 1   01037 56001152   0   0 317
220254220 0  1000226215032540124 100 1005858 946 0   0   0 1200 132   0   0   0
22075411211  10001291150422705 3 600 20058191862 2   0   0 68001356   0   0 712
22095411310 21100144114021530524  50 10059551688 2   0   0 42001572   0   0 842
221454221 1  2000130114053320524 150  5058311898 2   0   0 62001260   0   0 712
221454221 1  20002302150425005 3 150 25058673165 2   0   0 97001458   0   0 665
221654222 02 2200136114042540223 100 3005858 946 0   0   0 1200 132   0   0   0
221654222 02 2200234215042540223 100 3005858 946 0   0   0 1200 132   0   0   0
22265411410111100138116021540227 100 3005859 608 1   0   0 1200 132   0   0 317
22285411410121000142116042430529 300  5058742848 2   0   0 95001704   0   0 564
223154214 0211000145116014540524 250 4005859 608 1   0   0 1200 132   0   0 317
223154214 0211000221326021540127 250 1505858 946 0   0   0 1200 132   0   0   0
223754221 01 1000132116032540527 150 3005859 608 1   0   0 1200 132   0   0 317
223754221 01 1000228215042010828 150  5058 11815 1   0   0 73001548   0 200 317
223954111 0  1000127117021430523  50  5059743122 2   0   0105002454   0   0 564
2240542 2 02 00101421260212202 4 100 20056202987 11287   0 78002112   0  50 317
2240542 2 02 0010240227021540124 100  5056592365 11287   0    0   0   0   0 317
224654220 0  1000122116042250624  50 10059292797 1   01037 66001902   0   0 317
224654220 0  10002222150323005 4  50 20059222198 2   0   0 78002136   0  50 486
225454114 0111000138116021320521 400 20059201613 1   0   0 62001260   0  50 317
225554223 0 31210143114042541224 300 3005958 592 1   0   0    0   0   0   0 317
225654111 1  10002271150422105 2 700 15059112499 1   0 437 71001422   0 100 317
225854210 0  11101471260215402 3 600 3005958 592 1   0   0 1200 132   0   0 317
225854210 0  11102402150215305 4 600 10059551688 2   0   0 3200 822   0   0 842
226154221 01 10202462160215405 7  50260059592723 0   0   0    0   0   0   0   0
226254311 0 21101141116021300524 150 20058201339 1   0   0 68001386   0  50 317
226254311 0 21101237227031540224 150 1005858 946 0   0   0    0   0   0   0   0
226254311 0 211011173260322008 2 150 30058122440 2   0   0 83001410   0   0 788
22705433220  2000146114042570524 100  5056342175 1 862   0 73001944   0   0 525
22705433220  2000222315042140823 100 10056 63062 1 862   0 84002274   0 100 525
22705433220  20002213150425301 4 100  5056571858 1 862   0 37001530   0   0 525
22715411110  1000127115042540121 450 30056582163 016361636 1200 684   0   0   0
2274541 1 0  00002572260215401 4 600 60059592723 0   0   0 1200 684   0   0   0
227654220 0  21001421140435401 4 250 90059592723 0   0   0    0   0   0   0   0
227654220 0  2100240214053340223 250 10059881837 2   0   0 63001902   0   0 686
23234011110  20001551160215405 71500 30049581350 1   0   0 3600 330   0   0 570
234639220 0  1000122114042200523 200 30046123352 2   0   0 6500 570   0   0 866
234739221 01 2000135113053310529 100 10046311221 1   0   0 5100 486   0   0 395
234739221 01 20002332130534205 9 100 20046823226 1   0   0 9000 870   0   0 395
234939111 0 110002501130530305 2 150 15046 82494 1   0 287 5900 696   0 150 395
23533911312  2000136114053270521 200  5048243595 2   0   0 5600 552   0   01102
235539222 02 1010132114052200323 350 30048123333 2   0   0 6500 570   0   01102
235539222 02 1010232213053540529 350 40048594166 2   0   0102001392   0   0 948
235739222 11 1000131113053430522 250 20048754007 2   0   0 7500 780   0   01102
235739222 11 10002292140534506 2 250  5048764410 2   0   0 9100 786   0   01156
235939113102 1000133114072330529 200 40046881895 2   0   0 4400 426   0   0 764
23603911310 212001421140420702 4 100 30046322660 2   0   0 6400 636   0   0 707
236339223 03 20001361150223705 4 100  5046412865 2   0   0 49001038   0   0 642
236339223 03 20002342140534105 7 100 20046843879 1   0   011700 942   0   0 395
236639113102 10001311140420805 91600  5046282432 2   0   0 7100 732   0   0 707
236939222 0 22100241214032030527 100 20046 62060 1   0   0 5900 696   0 100 395
237139222 11 2000131114032040524 100 10046 71829 1   0   0 5800 558   0   0 395
237139222 11 20002332150430805 9 100  5046172422 2   0   0 6700 672   0   0 786
237339222 02 20001341160422005 4 100 30046123352 2   0   0 6500 570   0   0 866
237339222 02 2000235215043010529 100  5046102560 1   0   0 5600 588   0 100 395
237839221 01 20001321140434505 2 100 60046775308 2   0 874113001038   0   0 920
237839221 01 2000238215021570529 100  5046342470 2   0   0 8000 738   0   0 764
23793922310113000152113053550529 300 10046683188 2   0   0 88001692   0   0 823
237939223101130002522130535505 9 300 10046683188 2   0   0 88001692   0   0 823
238039114103 20001371130534505 1 300 60046775308 2   0 874113001038   0   0 920
23813911420 120211431130531905 3 900 35048273963 2   0   0 7400 732   0   01022
238239113102 10001381140320405 42000  5048 72550 2   0   0 5800 558   0   01026
240237222 11 2000226214042370524  50 4004242 940 0   0   0    0   0   0   0   0
2404371 210 11000248226021280123 200 20042231220 1   0   0 2300 600   0   0 525
240537211 1  1000221226032300823  50 15042213025 1   01223 2400 642   0   0 525
24063731110  1110157127022010324 200 25091 11445 1   0   0 3000 936   0 200 247
24063731110  1110253226022010823 200  5091 11445 1   0   0 3000 936   0 200 247
240837113 11 1310133116042300224 200 10042202077 2   0   0 2400 642   0  50 761
2410371 7 1220210151126014310323 100  5042202077 2   0   0 2900 720   0  50 761
241137112 0111200240115032010523 200 15042 11825 1   0   0 3000 936   0 200 525
241337323 0 22400146116021330224 150 15042312838 1   01224 3000 660   0   0 525
241437110 0  1100123117042020224 100 20091132003 2   0   0 3400 876   0   0 642
241537330 0  1130148116022010324 200 10091 11445 1   0   0 3000 936   0 200 247
241537330 0  1130220316042300323 200 15091201697 2   0   0 2400 642   0  50 483
241537330 0  11302203160423003 3 200 10091312151 11099   0 2300 600   0   0 395
2421372 1 0  01001591260222002 4 150 30091122070 2   0   0 3100 660   0   0 718
2421372 1 0  0100251226022010824 150  5091 11445 1   0   0 3000 936   0 200 247
243237211 1  1000124116022050524 150 10091192261 2   0   0 3800 792   0   0 629
243237211 1  10002202250420108 4 150 10091 11445 1   0   0 3000 936   0 200 247
243937210 0  1000124116032370524 100 2004392 476 1   0   0    0   0   0   0 247
243937210 0  10002202250421408 3 100 30043 52030 2   0   0 3700 936   0   0 571
244537222 0 110111441160222805 4 500  104423 842 1   0   0 1200 138   0   0 525
244637223 0 312001541160312405 4 250 15043292438 2   0   0 3600 396   0   0 629
244837112 01 11001391150421909 3 150 35043272732 2   0   0 4600 552   0   0 638
245037221 1  1000132116021290524 350 15043212510 1   01223 1600 174   0   0 247
245037221 1  10002252150211205 8 350  1043 21467 1   0   0 3100 522   0 200 247
245237111 0  1200155115021370221 200 10041911219 1   0   0  600 588   0   0 247
245437211 01 1100249127022370224 150 1004242 940 0   0   0    0   0   0   0   0
2455372 5 0220210150126011290328 200 15042231220 1   0   0 2300 600   0   0 525
245737212 0110110145116022330324 150 40043312323 1   01224 3000 660   0   0 247
24583711620112100155115021380521 150 20042451924 2   0   0 2000 558   0   01156
245937212 2  1100125127042270223 200  5042242712 2   0   0 2200 636   0   0 996
245937212 2  1100226215042300525 200 15042221407 1   0   0 2400 642   0  50 525
246637220 0  1100134116032210524 300 15041101362 1   0   0 3000 744   0 100 247
246637220 0  11002302150422106 4 300 15041101362 1   0   0 3000 744   0 100 247
246737222 0 120001541150422705 3  50  5041242416 2   0   0 2200 636   0   0 718
247137320 0  2010220315042250524 400 50044292575 2   0   0 4200 420   0   0 907
24723711210  20001551140533305 4 250  5041312542 1   01224 2200 246   0   0 247
25163622110  2000153116021290524 400 25040231204 1   0   0 4900 408   0   0 247
251836221 01 2000136116042330525 600 20039313305 1   01224 5300 432   0   0 525
251836221 01 2000236215032270525 600 15039243179 2   0   0 4900 468   0   0 996
251936110 0  1000130113042360129 300 20040401591 0   0   0    0   0   0   0   0
252136212 1 11000132114042500523 100 15040643383 2   0   0 8400 888   0   0 878
252136212 1 11000229224042500623 100 15040643383 2   0   0 8400 888   0   0 878
252336323 0 33100146118021360529 300 30040401591 0   0   0    0   0   0   0   0
252336323 0 33100123315042360129 300 30040401591 0   0   0    0   0   0   0   0
252436210 0  1000142116021360123 200 20040401591 0   0   0  800  60   0   0   0
252436210 0  1000253227021360129 200 15040401591 0   0   0    0   0   0   0   0
252536113 02 1010130115021500522 250 15040863889 2   0   0 9800 984   0   0 802
2527361 5 0220010139126014180327 250 25040253073 2   0   0 7600 732   0   0 616
252836220 0  1000125116042370524 200 1504092 975 1   0   0 3300 840   0   0 247
252836220 0  1000221215042280524 200 20040221391 1   0   0 4500 378   0  50 247
252936114 02111101401160210505 2 150 20040192625 2   0   0 6400 564   0   0 629
253136212 02 1000141115032030525 250 15040 62359 1   0 249 6000 702   0 100 247
253136212 02 10002332270424308 3 250  5040742594 1   0   0 7400 786   0   0 247
2532361 1 0 100002561270215508 6 100 10040683194 2   0   0 89001698   0   0 675
253436213 0211100139116042200521 300 45040122434 2   0   0 5800 492   0   0 718
253536213 03 11001311160425205 1 600 60039604193 2   0   011000 960   0   01156
253536213 03 11002302270421402 9 600 10039 53012 2   0   0 6300 714   0   0 849
254136221 1  10101271160323709 6 200 2004092 975 1   0   0 3300 294   0   0 247
254136221 1  1010228216032410523 200 20040856204 2   0222410900 822   0   0 642
254236110 0  1000148114042410526 250100040856204 2   0222410900 822   0   0 642
254836113 02 10001391150224305 9  50 60040742594 1   0   0 7400 786   0   0 247
254936117 1131010153114021030324 100 20040 62359 1   0 249 6000 702   0 100 247
255136210 0  1000133114042410923 100 10040856204 2   0222410900 822   0   0 642
255136210 0  10002332260424109 3 100 10040856204 2   0222410900 822   0   0 642
255236115104 1210139114052540523 150 40040593500 2   0   0121001512   0   0 564
255536222 0 21000142114042360521 250  504039 740 1   0   0    0   0   0   0 525
255736111 1541000157116014540523 150 40040593500 2   0   0121001512   0   0 564
256736222 0 121001481130420405 4 400 10039193108 2   0   0 6300 564   0   0 907
25693622410 33200143116021070525 500 40039283516 2   0   0 6700 606   0   0 837
25693622410 33200238215042500522 500 30039614163 2   0   0 9200 846   0   01080
257036113 02 10001311140423705 4 600 50039411011 1   0   0 2900 198   0   0 525
257236220 0  20001471130530605 9 500  5039183314 2   0   0 7000 624   0   0 837
257236220 0  2000240213052370529 500 15039411011 1   0   0 3300 840   0   0 525
257536212 0111110137116021410526 500100039856687 2   0222410900 822   0   0 920
257536212 01111102372270213603 4 500 2003940 731 1   0   0  800  60   0   0 525
257636222 0112110140115021250525 350 30039293420 2   0   0 7500 666   0   0 907
2602381 3 02 0100154126011250123 100 45045291692 2   0   0 3800 414   0   0 777
260838112101 1200139115053280121 150 20045231169 1   0   0 1900 222   0   0 631
261338113111 1200138114042410924 100100045843267 1   0   0 8800 714   0   0 395
26143822411112310145113053550524 200 10045682576 2   0   0 58001446   0   0 823
26143822411112310242213053330528 200 1004521 728 1   0   0 1400 180   0   0 395
262338110 0  1000224115042010825 150  3045 11789 1   0   0 4100 606   0 200 395
262538311 0 112201451150312902 4 150 3004531 609 1   0   0 2700 288   0   0 395
262538311 0 11220221325042280824 150 30045221356 1   0   0 3100 348   0  50 631
262538311 0 11220117325042290324 150 3004531 609 1   0   0 2700 288   0   0 395
262738113 02 10001321160213605 1 300120045402375 2   0   0 4100 294   0   0 878
262838110 0  1000226115042140522 100 10045 51703 2   0   0 3200 462   0   0 512
263038114 01211201431160214105 9 200 60045856114 1   0222410000 834   0   0 395
263138221 01 20001321130423705 9 200 30045911584 1   0 487 3200 930   0   0 631
263638222 0111100142116042290521 250 30046211340 1   0   0 2700 288   0   0 395
263638222 01111002362150422208 8 250 20046191608 1   0   0 3600 414   0   0 395
263738210 0  1200123116042370221 250 15046921726 1   0 612 2300 306   0   0 395
263738210 0  1200221225042370224 250 40046441843 1   0 700 2700 246   0   0 395
264738220 0  1000127112021010529 100 30046 12401 1   0   0 4100 606   0 200 395
264738220 0  10002272120320105 9 100 30046 12401 1   0   0 4100 606   0 200 395
264938222 02 12001321140422905 9 100 22046222058 2   0   0 2700 288   0  501026
264938222 02 1200233215053500528 100 40046663114 2   0 274 71001578   0   0 623
265038111 0  01011331160423802 4 100 1004545 674 0   0   0    0   0   0   0   0
265338112 0  1000119316042200523 100 30046123352 2   0   0 4800 462   0   0 866
265538221 1  2000126116042400523 150 10046493688 2   0   0115001584   0   0 965
265538221 1  2000226217042430523 150  5046743120 2   0   0 6300 762   0   0 642
265838220 0  10002501180213305 4 100 20046881895 2   0   0 2700 312   0   0 764
265838220 0  1000238518021330524 100 20046881895 2   0   0 2700 312   0   0 764
266138210 0  0100158114042230222 300 20046191608 1   0   0 3700 426   0   0 395
266138210 0  01002522250212308 7 300 10046292304 2   0   0 4200 444   0   0 777
267038220 0  2000232213063270523 100  5046243614 2   0   0 3900 444   0   0 866
267138112 0  11001321140532705 3 200  5045243002 2   0   0 2700 318   0   0 866
268038321 0  2111146114042270223 150  5045243002 2   0   0 2700 318   0   0 866
270407212 2  10101271260211303 4 300 45029 42000 2   0   0 3000 426   0   0 577
270607211 1  10001271140325205 1  50 90028601866 2   0   0 4400 420   0   0 943
270707221 01 2000128115042300524 100 15028201559 2   0 187 2000 282   0  50 707
270707221 01 2000226215032070524 100 20028291584 011991199  500  48   0   0   0
2708071 0 0  0000258126021230124 200 2502919 723 1   0   0  800  96   0   0 382
270907113 1 110001341160212501 9 300  5029291144 0   0   0 1300 138   0   0   0
27120721310111001141114042250523 200 15029291144 0   0   0 1300 138   0   0   0
27120721310111001243225043430823 200 15029732569 2   0   0 4200 534   0   0 853
271307113 0111000144116042410524  50100029855957 2   02224 8200 786   0   0 777
27140722110  2100148113053250524 250 10029291144 0   0   0 1100 102   0   0   0
271507212 2  1100122116042320524 100  5029211351 2   0   0 1900 222   0   0 777
271507212 2  11002232260312502 3 100  5029291144 0   0   0 1100 102   0   0   0
271607330 0  2000224315042070521 100 10029281584 011991199  500  48   0   0   0
2717071 4 12 0000141126021530123 100 15029551217 1   0   0 3200 264   0   0 591
272224331 0 11200150115042030127 100  5029 71340 2   0   0 2100 330   0   0 777
272224331 0 112002422150425505 9 100  5029301370 010371037 1600 162   0   0   0
272424222 02 2000234214043430529 200  5029742269 2   0   0 4400 552   0   0 629
272624210 0  10101261140423403 9 500 10029881580 2   0   0 1600 162   0   0 960
27292411110  1000157115043340524 200 15029301370 010371037 1600 162   0   0   0
2730241 1 01 00002301260312508 3 400  502936 827 1   0   0 1600 162   0   0 591
273325310 0  11002233140534305 9 400  5029742269 2   0   0 4400 546   0   0 629
273625113102 1000135114042080524 100 10029272163 016371637 2400 252   0   0   0
274125111 0  1000154116021370524 100 50029442635 2   0   0 5000 420   0   0 907
27422511110  1000163112022250529  50 40029291144 0   0   0    0   0   0   0   0
274325221 1  1010227215042340524 300  5029301370 010371037 2300 216   0   0   0
2746251 0 0  0000257126021540823 200 10029582571 11037   0 66001062   0   0 317
2747251 5 22 02101341270312502 4 400 1002936 827 1   0   0    0   0   0   0 591
274825113 03 10002331140425005 3 400 20029632960 2   0 212 3900 972   0   0 751
274925221 1  2000134113063210524 300  5029101449 2   0   0 2900 426   0 100 435
274925221 1  20002312140530105 3 300  5029 21441 2   0   0 3200 516   0 200 428
275225112 0 11100150116032050224 300  502919 723 1   0   0 1700 246   0   0 382
275325222 0 11300144114032330224 150 45029311454 2   0   0 2600 288   0   0 777
275425113 0 21100141114042300524 150  5029201735 1   0 661 2800 390   0  50 382
2768251 1 0  01002582260311902 7 400 30029272163 016371637 2400 252   0   0   0
276925321 0 110111501140422501 5 300  5029291144 0   0   0    0   0   0   0   0
276925321 0 11011244215042250122 300 25029291144 0   0   0    0   0   0   0   0
277025211 01 11001391160423305 7  50 10029311454 2   0   0 2600 288   0   0 777
277025211 01 1100242226021030222  50 1502919 723 1   0   0 2700 462   0   0 382
277725210 0  10001251160423005 4 150 10036211169 1 200   0 2800 390   0   0 369
277725210 0  1000220225042290624 150 10036222312 1 200 749 3000 342   0  50 369
2778251 1 0  01001271260111009 4 100  503632 973 1   0   0 2200 234   0   0 525
280408330 0  3000233115022210529 100  5027101671 1   0   0 3200 504   0 100 555
280408330 0  3000225515042030525 100  2027 61007 1   0   0 2400 402   0 100 391
280608330 0  20001511140212005 3 400 30027122299 2   0   0 4300 570   0   0 862
280608330 0  20002472150323306 2 400 20027311698 2   0   0 2900 366   0   0 786
280608330 0  20002213150435705 3 400  50 6341270 1   0   0 4000 456 100   0 312
281008114111112001401140420102 4 500 20028 11158 1   0   0 2700 444   0 200 312
281108211 0  1000158115032220524 100  2027 91832 2   0   0 2600 426   0 100 613
281108211 0  10001303250321506 4 100 40027161793 1 474   0 1900 282   0   0 437
281308212 0 11010219325042070123 200 1002828 650 0   0   0 1200 174   0   0   0
281408113 01 1000135113043080122 150  502828 650 0   0   0    0   0   0   0   0
281508113111 11001261150530108 5 300 10028 11158 1   0   0 2700 444   0 200 312
281708113102 10001321130435305 3 100 15028531560 1   0   0 2400 264   0   0 525
28210822420  2111154114042030524 200 20028 6 817 1   0   0 2400 402   0 100 312
282208221 1  2000127114042170521 150 1002817 999 1   0 374 1400 198   0   0 312
282208221 1  20002232140435705 1 150 1002834 727 1   0   0 1300 192   0   0 312
28260811310 12110153117042050524 150  5087181365 1 149 374 2000 324   0   0 391
2834191 2 0 100002451270211308 4  50  5026 42096 2   0   0 2800 372   0   0 632
2835191 4 3  01101401260210403 4 100 10026181320 0 998 998 1500 162   0   0   0
285319310 0  1110151116021240324 100 10087291732 2   0   0 2400 252   0   01007
285319310 0  11102183250425508 3 100 10087682418 2 149   0 38001218   0   0 819
2854191 410 301202421270422907 9 150  5087211865 2   0   0 3500 420   0   0 806
2858192 0 0  00101201260411303 1 400 10026 42096 2   0   0 2800 372   0   0 632
2858192 0 0  00102192270311208 8 400  5026 31843 2   0   0 2600 330   0 100 592
2860193 2 0 10100152126021160224 150 2002616 856 1   0   0 1300 156   0   0 437
2860193 2 0 10100222325042010824 150  5026 11646 1   0   0 2200 330   0 200 437
286319222 02 20001401150421405 7 150 70027 51262 2   0   0 2200 234   0   0 508
286319222 02 20002422150421001 4 150 40027331570 1 474 237 1300 114   0   0 437
290409224 0122111143113052220524 250 20035 91300 1   0   0 2800 366   0 100 570
290409224 01221112462130435005 4 250  5035652590 2   0   0 5200 534   0   01081
29060911410 12010151113042210529 150  5035102051 1   0   0 3400 444   0 100 525
29110911312  10002312150435701 9 200  503534 664 1   0   0 1500 132   0   0 525
291309214 03110001331160215305 4  50 60035571579 1 337   0 3600 408   0   0 525
291309214 0311000230225042430823  50  5035742611 2   0   0 5500 642   0   0 772
29220911520121000141114032560529 100 1503452 551 1   0   0 1500 144   0   0 354
292309220 0  10001261140421505 5 200 40034161423 1   0   0 3100 300   0   0 437
292309220 0  10002242150420306 5 200 10034 61201 1   0   0 3200 420   0 100 312
29260922310 22100147116021540524 100 40032592253 2   0   0 67001032   0   0 842
29260922310 22100245216021520524 100 80032602278 017231723 4000 360   0   0   0
292809112 01 10002311140434305 9  50  5032742089 2   0   0 4900 504   0   0 559
293210113102 20001391130534505 9 100 60032774277 2   0 874 8000 678   0   0 837
293410113111 1000134113053100124 100 1003232 645 0   0   0    0   0   0   0   0
293510112 0 11010144112000010324 100  5032 11370 1   0   0 2700 444   0 200 312
293710223 01220002422150425505 3 100 10032682157 2   0   0 45001374   0   0 740
293810333 0 12110157113043530524 100 15032531332 1   0   0 2400 264   0   0 525
293810333 0 121102492150422506 4 100  5032291571 1   0 837 1900 258   0   0 312
293810333 0 121102253150432105 4 100  5032101529 1   0   0 3200 504   0 100 312
294110222 01110001341160213708 6 100 20032922682 2   0   0 4900 504   0   0 837
294110222 0111000235217042430823 100  5032742089 2   0   0 5000 480   0   0 559
294210221 1  21001301140531001 9 100  503232 645 0   0   0    0   0   0   0   0
294210221 1  2100227214053340521 100  5032302256 2   0   0 3000 234   0   0 548
2943101 2 1  01101441260631303 4 100 10032 91854 2   0   0 2900 396   0 100 534
294410213101110001431160422705 9 100 15032242583 2   0   0 4400 480   0   0 783
294410213101110002362240531001 8 100 1003232 645 0   0   0    0   0   0   0   0
294510212 11 10002272250324308 3 100  5032742089 2   0   0 5000 480   0   0 559
294610112 2  10002331150631505 5 100 40032161454 2   0   0 2800 276   0   0 749
294710114 0131200242115032430524 100  5032742089 2   0   0 5600 618   0   0 559
294810112 1  0010130118042570123 150 1003234 499 1   0   0 1100 126   0   0 312
295110117 0411000141113063270523  50  5032242583 2   0   0 4400 480   0   0 783
2952101 2 1  0010222225032100123 100  503232 645 0   0   0    0   0   0   0   0
295310111 0 110002381160215405 7 100 70032562357 1   0 862 72001080   0   0 525
295610220 0  10001331150623405 4 100 15032302256 2   0   0 3000 234   0   0 548
295610220 0  1000239215042340624 100 15032302256 2   0   0 3000 234   0   0 548
295810111 0  1000223215053280523 100 30032222005 2   0   0 3800 426   0  50 559
296110211 1  10001281180421405 7  50 70032 51284 2   0   0 3700 390   0   0 429
296410223 12 20002352150425505 5  50 10032682157 2   0   0 54001368   0   0 740
296510223 01212001381140532405 9 100 40032291571 1   0 837 2200 246   0   0 312
296510223 01212002362140431001 9 100 1003232 645 0   0   0    0   0   0   0   0
296710110 0  10002431150421505 3  50 40032161454 2   0   0 2800 276   0   0 749
296810222 11 10001351130535505 9 100 10032682157 2   0   0 54001368   0   0 740
296810222 11 1000235213053140824 100 15032 51284 2   0   0 3700 390   0   0 429
297110110 0  11001251140531001 5  50 2503233 991 0 749 749 1100 132   0   0   0
2973101 3 0 30000246127004150829  50 30032161454 2   0   0 2800 276   0   0 749
29761011110  10002262140534305 4  50  5032742089 2   0   0 5000 480   0   0 559
2977102 2 01100002362260225408 3 150 20032581963 2   0   0 6200 954   0   0 842
297910220 0  10002511150210901 4 100 1003235 825 0 624 624  500  72   0   0   0
297910220 0  1000222315042250523 100 2003236 984 1   0   0 2200 204   0   0 525
298109111 01 10002331140535305 4 100 40035571579 1 337   0 3600 408   0   0 525
298309222 0 121001401130535505 2 150 10035682679 2   0   0 57001392   0   0 953
298309222 0 12100242214053070523 150 10035281048 1   0   0 1800 168   0   0 525
2985093 7 1130100227325042570829 150  503534 664 1   0   0 1500 132   0   0 525
2985093 7 1130100219325042010824 150  5035 21735 1   0   0 3300 462   0 200 525
298609110 0  10002241150420701 3 150 10035281048 1   0   0 1800 168   0   0 525
29870921320  3000153116021530527 150 35035901567 1 337 137 2900 246   0   0 525
29870921320  3000247227021050829 150  5035181238 1   0   0 2200 264   0   0 525
298809221 01 11001341140530901 4 150  503534 664 1   0   0 1500 132   0   0 525
298809221 01 11002352140420901 4 150 1003535 822 0   0   0    0   0   0   0   0
300556112101 1100138115042030227 150 10052 61611 1   0   0 4100 552   0 100 525
300656117 13212001451160210705 4 150 10052291090 1   0   0 2700 258   0   0 591
30155611110  1000224215053570621  50 1005234 554 1   0   0 2400 204   0   0 354
301856321 0 12000249225021530823  50 15052571031 1   0   0 2700 336   0   0 525
301856321 0 12000124315053450522  50 60052774859 2   0 874 9800 912   0   01050
302056113 02 1300142116031540527  50 40052591873 2   0   0 5800 966   0   0 842
302156113101120001371140422705 3  50  5052243165 2   0   0 5000 438   0   0 996
3023561 2 1  0010124126031410827  50 20052856673 2   0222410700 792   0   0 920
302656221 1  1000132112053120529  50 10052 21795 1   0   0 4900 552   0 200 525
302856115 0221000143116004070524 200 25052291090 1   0   0 2800 240   0   0 591
302956224 0221110118316042450323 200 60052774859 2   0 87410200 942   0   01050
303156221 0  10001213160325208 4 200  5052892362 1   0 986 3800 372   0   0 570
303256212 02 11001411160422805 7 250  5052222532 1 312 749 4800 414   0  50 369
303256212 02 1100238226021280727 250  5052222532 1 312 749 4800 414   0  50 369
303556114 01212001391140535305 4  50 15052511487 2   0   0 2000 186   0   0 842
303956223 01211101391130531005 2 250 1505232 896 1   0   0 1400 144   0   0 525
303956223 0121110240213053560123 250  5052531023 0 774 774    0   0   0   0   0
30405611210 110001501140533605 3  50 15052394207 2   0   0 8100 582   0   01050
304356222 0 210102362150215701 9  50 1005234 554 1   0   0 1100 102   0   0 354
304456211 1  10001331160212005 6 200 30052122903 2   0   0 5700 486   0   0 996
304756212 02 1100132114063030529  50  5052 81808 1   0   0 4100 552   0 150 591
305056222 0 11100140115032430529 200  5052742671 2   0   0 6700 714   0   0 772
305056222 0 111002422150324306 9 200  5052742671 2   0   0 6700 714   0   0 772
305156113 02 10101351150320303 3 200 15052 61611 1   0   0 4400 492   0 100 525
305256212 11 1000235215042010524  50  5052 11952 1   0   0 4500 534   0 200 525
305656111 0  10001291150423705 4 100  5052413419 2   0   0 58001092   0   0 772
305956213 0 21000151116021490524 100 25052713278 2   0   0 8500 558   0   01156
305956213 0 21000218325032130824 100 15052 42402 2   0   0 5100 630   0   0 720
306156210 0  10001581160210705 7  50  5052291090 1   0   0 2700 258   0   0 591
306156210 0  1000255226021530824  50 1005254 976 1   0   0 2300 192   0   0 570
306756220 0  10001521160421508 2  50 40052161977 2   0   0 4000 432   0   0 791
306756220 0  1000251215031570528  50  505234 554 1   0   0 2100 204   0   0 354
307056113 11 10001331140210705 1 100 10052291090 1   0   0 2700 258   0   0 591
307156113 0 11200153113021560524 150  5052571031 1   0   0 2700 336   0   0 525
307956227112322001411160215301 3 100 6005290 855 1   0 137 2000 174   0   0 361
30795622711232200119316042530523 100 1505255 428 1   0   0 2000 174   0   0 271
380511410 0  1000147526014530823 150 20014903229 2   0   0 5600 702   0   01062
38171111410212000139113063550524  50 10014682592 11211   0 38001302   0   0 428
385311110 0  11002261170424305 3 100  5014741421 1 562   0 1700 228   0   0 247
385911210 0  10001241160323705 4  50  5014912234 1 562   0 36001134   0   0 247
970245220 0  10001501140321405 3 150 30076 52427 1   0 649 3000 240   0   0 525
970245220 0  1000249215042030822 150 25076 62061 1   0 249 3500 354   0 100 525
970345113102 1000135114063040524 150 15076 72391 2   0   0 3500 264   0   0 648
970645113 11 1000129114021200523 150 30076122911 2   0   0 5400 534   0   0 996
970845222 02 20002342150324305 3 150  5076741758 1   0 412 3900 300   0   0 525
97094511410 21100220315042010828 100 10076 11960 1   0   0 3600 366   0 200 525
971045221 01 20002352140425005 3 150  5076673044 2   0   0 51001260   0   0 873
972045222 11 1000132113053450126 100 60076771878 1   0 874 1200 108   0   0 525
972145113102 11001351130632702 3 250  5076243173 2   0   0 6600 768   0   0 996
972245114102111001401130535305 9 250 50076534116 2   0   0 7900 702   0   01050
972445223 01222001431130535205 1 250 20076893875 2   0   0 9100 888   0   01156
972445223 01222002392140422905 8 250 10076222595 2   0   0 6300 666   0  50 772
972545220 0  10001241140420705 1 250 35076293088 2   0   0 5800 606   0   0 907
972545220 0  1000222215042520521 250 25076893875 2   0   0 9100 888   0   01156
973045222 2  2300131114031190521 150 10076273068 2   0   0 4700 408   0   0 916
973045222 2  23002312140424501 4 150 2507676 853 0   0   0 1700 150   0   0   0
973145221 1  21101281140534505 6  50 60076771878 1   0 874 1200 108   0   0 525
973145221 1  21102282150423405 6  50 10076302846 2   0   0 7100 732   0   0 761
973345211 01 1100237225021450124 250 1007676 853 0   0   0  900 198   0   0   0
973545220 0  10001251140421905 3 250 35076273068 2   0   0 5800 588   0   0 916
973545220 0  1000224215042170623 250 25076263341 2   0   0 5500 558   0   0 962
973645112 0 100101511170214303 9 250  5076741758 1   0 412 4500 378   0   0 525
973645112 0 100102163290  1808   250  5076263341 2   0   0 5400 570   0   0 962
975045114121 10001331150215205 3 300 40076603547 2   0   0 9100 888   0   01156
975145222 2  20002342140622106 3 400 30076112355 2   0   0 5500 648   0 100 646
976045114103 1300134113053550526 400 10076683189 2   0   0 62001440   0   0 953
980256222 2  1010229216032340523 200 10053302127 2   0   0 2700 222   0   0 761
980356223 0 11000223316032410922 200 10053857111 2   0222410700 792   0   0 920
980456221 1  11001281150420702 4 200 30053292113 1 774   0 2800 240   0   0 591
980456221 1  1100231215042030822 200  5053 22233 1   0   0 4400 492   0 200 525
980656212 01111001331180421405 9 200 70053 52304 2   0   0 4800 486   0   0 642
980656212 01111002332250421406 4 200 70053 52304 2   0   0 4800 486   0   0 642
981156223 21 1000136116021550523 100 15052682739 2   0   0 68001464   0   0 953
981156223 21 10002362150310308 3 100 15052 81808 1   0   0 4400 492   0 150 591
981256212 11 1000235225042070623 200 10053281546 1   0   0 2800 240   0   0 525
981356223 0122010239215042020524 200 20053123341 2   0   0 5700 486   0   0 996
985039115104 10101331140420303 71700 20048 62781 2   0   0 5900 696   0 1001026
985139113111 1000130113052010524 250  5046 12401 1   0   0 5800 720   0 200 395
985239222 11 1000126115042450622 150 20046763956 2   0   0 9100 786   0   0 920
985239222 11 10002252150424305 3 150  5046743120 2   0   0 7500 780   0   0 642
985339331 0 120001461160420312 9 150  1048 62781 2   0   0 5900 696   0 1001026
985339331 0 120002432140422208 2 150 20048192329 2   0   0 5300 528   0   01026
985339331 0 12000220315043220822 150 10048192329 2   0   0 5300 528   0   01026
985439223 02111101411160422703 4 250  5046243614 2   0   0 5600 552   0   0 866
985439223 0211110238216032290524 250 25046222058 2   0   0 4400 402   0  501026
985839210 0  11001271140535305 3 200  5046543523 2   0   0 8300 762   0   0 965
985839210 0  1100224225042380124 200 1504646 497 0   0   0    0   0   0   0   0
985939223 2  23001291140435305 3 100 20046522729 2   0 312 7600 732   0   0 764
985939223 2  2300223516042410529 100 50046856726 1   0222411700 942   0   0 395
990110220 0  10001331140630801 3 100 10033281517 1 749   0 1300 162   0   0 312
990210110 0  10002351130531805 3 100  5032261504 2   0   0 2400 252   0   0 749
990610110 0  01002241130530502 5 400 15033171603 2 237   0 1700 150   0   0 828
991010222 0 21000144116021410923 100 10032856091 2   02224 9600 804   0   0 707
991010222 0 21000239215042570126 100  203234 499 1   0   0    0   0   0   0 312
991110222 11 1000131114063400523  50 60032492849 2   0   0 92001260   0   01095
991110222 11 10002302130531001 4  50 1003232 645 0   0   0    0   0   0   0   0
991210222 2  10002292140435305 3  50  5032541670 2   0   0 3100 240   0   0 882
991310212 01 1000133114053050529  50 2503218 716 1   0   0 2300 294   0   0 312
991310212 01 10002322250322506 3  50  503236 984 1   0   0 2200 204   0   0 525
991410113111 11001281150215202 9 100 40032602278 017231723 3600 354   0   0   0
991510113102 11001391140421902 4 100 30032271522 1   0 800 1800 168   0   0 312
991610114 12 10001351160321908 1 100 35032271522 1   0 800 1800 168   0   0 312
992110110 0  10001281130420605 8 250 30033281517 1 749   0 1700 150   0   0 312
99221011211  1000129118042380529 350 30033463464 2 237   0 5500 510   0   0 832
992310110 0  10001261140635805 9 350 10033683236 2 237   0 49001320   0   0 865
992610220 0  20001251130535505 9 400 10033683236 2 237   0 49001320   0   0 865
992610220 0  20002315150535505 9 400 10033683236 2 237   0 49001320   0   0 865
992710222 11 10001311180211401 4 300 70034 51456 2   0   0 3700 390   0   0 429
992810220 0  20001241140322005 3 400 30032122321 2   0   0 4500 528   0   0 783
992810220 0  20002262150532905 5 400 10032311720 2   0   0 4200 444   0   0 707
992910212 0111000142116021530524 300 35033551538 2 237   0 4600 372   0   0 791
992910212 01110002402240421308 4 300  5033 42899 2 237   0 3900 462   0   0 632
993210113 11 1000134116021250529 200 25033361975 1 749   0 2900 270   0   0 525
993410211 1  10001271150325201 7 350 40033601287 0 974 974 3600 354   0   0   0
99371011312  1100127114053530523 150 20033902390 1 749 137 4600 372   0   0 525
994510221 01 20002312140530405 9  50  5032 7 798 1   0   0 2700 264   0   0 312
994610113111 1200131113053250224 100 5003236 984 1   0   0 2200 204   0   0 525
994710112 02 10002331140435005 2  50 70032672012 2   0   0 54001368   0   0 660
994810212 11 10001391150420705 6 100  503228 526 1   0   0 1500 144   0   0 312
994810212 11 1000230225032260622 100 15032191385 2   0   0 2300 330   0   0 707
999010114121 1200131114053100124 200  503232 645 0   0   0 1100 114   0   0   0
999110222 2  21001331130631505 2 300 40032161454 2   0   0 2300 228   0   0 749
999110222 2  2100228215053500523 300 15032652068 2   0   0 3200 816   0   0 868
999210114 01210101451140212405 1  50 20032291571 1   0 837 1900 276   0   0 312
999410112101 20001311140425005 9 100 15032662083 2   0 274 3900 564   0   0 540
999510220 0  20001391140635005 3  50 35032672012 2   0   0 3900 564   0   0 660
999510220 0  2000227215043450525  50  5032762925 2   0   0 6100 576   0   0 837
999610212 11 1000129115021070529  50 3503228 526 1   0   0 1200 174   0   0 312
999610212 11 10002262250435701 3  50  503234 499 1   0   0 1300 192   0   0 312
999710110 0  10002331150421001 1 500  503334 831 1 237   0 2300 198   0   0 437
999810223 01210001441150210105 9 300 30033 12449 1 237   0 2900 390   0 200 437
999810223 01210002432150210108 2 300 30033 12449 1 237   0 2900 390   0 200 437
999910211 01 00001271250210108 4 400 10032 11370 1   0   0 2900 390   0 200 312
999910211 01 00002252150320701 4 400 1003228 526 1   0   0 2200 186   0   0 312
